-6  1.0807969874547E-79
-5.9  1.3055817414464E-79
-5.8  1.5769596487922E-79
-5.7  1.9045556377223E-79
-5.6  2.2999760741348E-79
-5.5  2.7772152591838E-79
-5.4  3.3531450299317E-79
-5.3  4.0481043925695E-79
-5.2  4.8866095542817E-79
-5.1  5.8982088515109E-79
-5  7.118512039239E-79
-4.9  8.590429376166E-79
-4.8  1.0365663116314E-78
-4.7  1.250650264107E-78
-4.6  1.5087984828115E-78
-4.5  1.8200493704412E-78
-4.4  2.1952888388797E-78
-4.3  2.6476266298912E-78
-4.2  3.1928490181078E-78
-4.1  3.8499633444677E-78
-4  4.641852941377E-78
-3.9  5.5960647490807E-78
-3.8  6.7457564110422E-78
-3.7  8.1308350245872E-78
-3.6  9.7993261914366E-78
-3.5  1.1809019776758E-77
-3.4  1.4229448103498E-77
-3.3  1.7144263490999E-77
-3.2  2.0654095464818E-77
-3.1  2.4879984063516E-77
-3  2.996750498173E-77
-2.9  3.6091725456583E-77
-2.8  4.3463157592723E-77
-2.7  5.2334909148087E-77
-2.6  6.3011271767789E-77
-2.5  7.5858034574493E-77
-2.4  9.1314868478446E-77
-2.3  1.0991019544829E-76
-2.2  1.3227903954793E-76
-2.1  1.5918445550406E-76
-2  1.9154324916719E-76
-1.9  2.3045684634954E-76
-1.8  2.7724833681173E-76
-1.7  3.3350692419259E-76
-1.6  4.0114125708606E-76
-1.5  4.8244340923307E-76
-1.4  5.8016562744607E-76
-1.3  6.9761238581801E-76
-1.2  8.3875078762933E-76
-1.1  1.0083429584655E-75
-1  1.2121047949078E-75
-0.9  1.4568962960942E-75
-0.8  1.7509497383556E-75
-0.7  2.1041431893925E-75
-0.6  2.5283283379137E-75
-0.5  3.0377233850161E-75
-0.4  3.6493838617845E-75
-0.3  4.3837667717442E-75
-0.2  5.2654064882683E-75
-0.1  6.3237244630461E-75
-4.5796699765788E-15  7.5939991384236E-75
0.099999999999995  9.1185276425917E-75
0.2  1.0948017047979E-74
0.3  1.314325038777E-74
0.4  1.5777081489669E-74
0.5  1.8936823282141E-74
0.6  2.2727106893578E-74
0.7  2.7273304001467E-74
0.8  3.2725622977314E-74
0.9  3.9264010987099E-74
1  4.71040200309E-74
1.1  5.650382575595E-74
1.2  6.7772624729161E-74
1.3  8.1280679871394E-74
1.4  9.7471336323406E-74
1.5  1.1687539278783E-73
1.6  1.4012828834669E-73
1.7  1.679906542438E-73
1.8  2.0137288695452E-73
1.9  2.4136452638814E-73
2  2.8926937527365E-73
2.1  3.4664747742541E-73
2.2  4.1536528934381E-73
2.3  4.9765563823854E-73
2.4  5.9618936812623E-73
2.5  7.1416094375135E-73
2.6  8.5539072115175E-73
2.7  1.0244471173672E-72
2.8  1.2267925363121E-72
2.9  1.468957652544E-72
3  1.7587495425951E-72
3.1  2.1055002121349E-72
3.2  2.5203633291696E-72
3.3  3.0166684776593E-72
3.4  3.6103440386631E-72
3.5  4.3204219425482E-72
3.6  5.1696400815348E-72
3.7  6.1851612050221E-72
3.8  7.3994307336997E-72
3.9  8.8512002330018E-72
4  1.0586748413641E-71
4.1  1.2661337633292E-71
4.2  1.5140951145315E-71
4.3  1.8104364999172E-71
4.4  2.1645618806465E-71
4.5  2.5876961859611E-71
4.6  3.0932365699622E-71
4.7  3.6971711618417E-71
4.8  4.4185782275953E-71
4.9  5.280221123957E-71
5  6.3092573556039E-71
5.1  7.5380835330629E-71
5.2  9.0053421762449E-71
5.3  1.0757121242063E-70
5.4  1.2848383122461E-70
5.5  1.5344666837685E-70
5.6  1.8324115448051E-70
5.7  2.1879890574559E-70
5.8  2.6123047649647E-70
5.9  3.1185959464956E-70
6  3.7226392159451E-70
chance of beating the house: 
mean: -4.1433936791986E-5 sd: 0.0038151309710781, targetRate : 0.0013, zScore: 0.35160888235848
